42.4315516 , -71.1472266
42.4315516 , -71.1472166
42.4315283 , -71.1472183
42.4315466 , -71.14719
42.4315533 , -71.147175
42.4315583 , -71.14718
42.43156 , -71.1471833
42.4315583 , -71.1471916
42.43156 , -71.1472016
42.43156 , -71.1472083
42.4315583 , -71.14721
42.4315616 , -71.1472183
42.4315566 , -71.1472216
42.431555 , -71.1472266
42.4315566 , -71.1472266
42.4315566 , -71.1472266
42.4315566 , -71.147225
42.4315566 , -71.1472233
42.4315566 , -71.1472233
42.4315566 , -71.1472233
42.4315566 , -71.14722
42.4315583 , -71.14722
42.4315583 , -71.14722
42.4315583 , -71.1472183
42.43156 , -71.147215
42.4315616 , -71.147215
42.431565 , -71.1472133
42.4315666 , -71.147215
42.4315666 , -71.1472166
42.4315666 , -71.14722
42.4315683 , -71.1472233
42.4315666 , -71.1472283
42.4315666 , -71.14723
42.4315666 , -71.14723
42.4315683 , -71.14723
42.4315683 , -71.14723
42.43157 , -71.14723
42.43157 , -71.14723
42.4315683 , -71.14723
42.43157 , -71.14723
42.43157 , -71.1472333
42.4315683 , -71.1472333
42.43157 , -71.1472333
42.4315683 , -71.147235
42.4315666 , -71.1472366
42.4315633 , -71.14724
42.4315633 , -71.1472416
42.4315616 , -71.1472433
42.4315583 , -71.1472466
42.4315566 , -71.14725
42.4315566 , -71.1472533
42.4315566 , -71.147255
42.4315583 , -71.147255
42.4315583 , -71.1472566
42.4315583 , -71.14726
42.4315566 , -71.147265
42.4315533 , -71.1472683
42.43155 , -71.1472716
42.4315466 , -71.147275
42.4315416 , -71.1472783
42.4315383 , -71.1472833
42.431535 , -71.1472883
42.4315316 , -71.1472933
42.4315283 , -71.1472966
42.4315266 , -71.1473
42.4315233 , -71.1473033
42.4315216 , -71.1473033
42.43152 , -71.1473033
42.4315183 , -71.1473033
42.4315183 , -71.1473033
42.4315183 , -71.1473033
42.43152 , -71.147305
42.4315216 , -71.1473033
42.431525 , -71.1473033
42.4315266 , -71.1473033
42.4315283 , -71.147305
42.4315316 , -71.1473066
42.4315316 , -71.1473083
42.4315316 , -71.14731
42.43153 , -71.1473116
42.43153 , -71.1473133
42.43153 , -71.1473133
42.43153 , -71.1473133
42.4315283 , -71.147315
42.4315283 , -71.1473133
42.43153 , -71.14731
42.4315283 , -71.14731
42.43153 , -71.1473083
42.4315316 , -71.147305
42.4315333 , -71.1473033
42.431535 , -71.1473016
42.4315366 , -71.1473
42.4315366 , -71.1472983
42.4315366 , -71.1472983
42.4315366 , -71.1472983
42.4315366 , -71.1472983
42.4315366 , -71.1472983
42.4315366 , -71.1472983
42.4315366 , -71.1472966
42.4315366 , -71.147295
42.4315366 , -71.147295
42.4315366 , -71.147295
42.4315366 , -71.147295
42.431535 , -71.147295
42.431535 , -71.1472933
42.431535 , -71.1472916
42.4315333 , -71.14729
42.4315333 , -71.1472883
42.431535 , -71.1472866
42.431535 , -71.147285
42.4315333 , -71.147285
42.4315333 , -71.1472833
42.4315333 , -71.1472816
42.431535 , -71.14728
42.431535 , -71.1472783
42.431535 , -71.1472783
42.431535 , -71.1472783
42.431535 , -71.1472783
42.4315366 , -71.1472783
42.4315366 , -71.1472766
42.4315383 , -71.1472766
42.43154 , -71.147275
42.4315416 , -71.1472733
42.4315416 , -71.1472733
42.4315416 , -71.1472733
42.4315416 , -71.1472733
42.4315416 , -71.1472733
42.4315433 , -71.1472733
42.431545 , -71.1472733
42.431545 , -71.1472716
42.4315466 , -71.14727
42.4315466 , -71.14727
42.431545 , -71.1472683
42.431545 , -71.1472666
42.4315433 , -71.1472666
42.4315433 , -71.1472666
42.4315433 , -71.1472666
42.4315416 , -71.1472666
42.4315416 , -71.147265
42.4315416 , -71.147265
42.4315416 , -71.1472633
42.4315416 , -71.1472616
42.4315416 , -71.1472616
42.43154 , -71.1472616
42.43154 , -71.1472616
42.4315383 , -71.14726
42.4315383 , -71.14726
42.4315383 , -71.1472583
42.43154 , -71.1472583
42.43154 , -71.1472566
42.4315383 , -71.1472566
42.4315383 , -71.1472566
42.4315383 , -71.147255
42.4315366 , -71.147255
42.4315366 , -71.147255
42.4315366 , -71.147255
42.431535 , -71.147255
42.431535 , -71.147255
42.431535 , -71.147255
42.431535 , -71.147255
42.431535 , -71.1472566
42.4315333 , -71.1472566
42.4315333 , -71.1472566
42.4315316 , -71.1472566
42.43153 , -71.1472566
42.43153 , -71.1472583
42.4315283 , -71.1472583
42.4315266 , -71.1472583
42.431525 , -71.1472583
42.431525 , -71.1472583
42.4315233 , -71.1472583
42.4315233 , -71.1472583
42.4315233 , -71.14726
42.4315233 , -71.14726
42.4315233 , -71.14726
42.4315216 , -71.14726
42.4315216 , -71.1472616
42.43152 , -71.1472616
42.43152 , -71.1472616
42.4315183 , -71.1472616
42.4315183 , -71.14726
42.4315166 , -71.14726
42.4315166 , -71.14726
42.4315166 , -71.14726
42.4315166 , -71.1472583
42.4315166 , -71.1472583
42.4315183 , -71.14726
42.4315183 , -71.14726
42.4315183 , -71.14726
42.4315183 , -71.14726
42.43152 , -71.14726
42.43152 , -71.14726
42.43152 , -71.14726
42.4315216 , -71.14726
42.4315216 , -71.1472583
42.4315233 , -71.1472583
42.4315233 , -71.1472583
42.4315233 , -71.1472566
42.431525 , -71.1472566
42.431525 , -71.1472566
42.431525 , -71.1472566
42.431525 , -71.147255
42.431525 , -71.1472566
42.431525 , -71.1472566
42.431525 , -71.1472566
42.4315266 , -71.1472566
42.4315266 , -71.1472566
42.4315266 , -71.1472566
42.4315283 , -71.1472566
42.4315283 , -71.1472566
42.4315283 , -71.1472566
42.4315283 , -71.1472566
42.4315283 , -71.1472566
42.4315283 , -71.1472566
42.4315283 , -71.1472566
42.4315283 , -71.1472566
42.4315283 , -71.1472566
42.4315283 , -71.1472566
42.4315283 , -71.1472566
42.4315283 , -71.147255
42.4315283 , -71.147255
42.4315266 , -71.147255
42.4315266 , -71.147255
42.4315266 , -71.147255
42.4315266 , -71.147255
42.4315266 , -71.147255
42.4315266 , -71.147255
42.4315283 , -71.147255
42.4315283 , -71.147255
42.4315283 , -71.147255
42.4315283 , -71.147255
42.43153 , -71.147255
42.43153 , -71.147255
42.43153 , -71.147255
42.43153 , -71.1472566
42.43153 , -71.1472566
42.4315316 , -71.1472566
42.4315316 , -71.1472566
42.4315316 , -71.1472566
42.4315333 , -71.1472566
42.4315333 , -71.1472566
42.4315333 , -71.1472566
42.4315333 , -71.1472566
42.4315333 , -71.1472583
42.4315333 , -71.1472583
42.4315333 , -71.1472583
42.431535 , -71.1472583
42.431535 , -71.1472583
42.431535 , -71.14726
42.4315366 , -71.14726
42.4315366 , -71.1472616
42.4315366 , -71.1472616
42.4315366 , -71.14726
42.4315366 , -71.14726
42.4315366 , -71.14726
42.431535 , -71.14726
42.431535 , -71.14726
42.4315333 , -71.14726
42.4315333 , -71.14726
42.4315333 , -71.14726
42.431535 , -71.1472583
42.431535 , -71.1472583
42.431535 , -71.1472583
42.431535 , -71.1472566
42.431535 , -71.1472583
42.431535 , -71.1472583
42.4315366 , -71.1472583
42.4315366 , -71.14726
42.4315366 , -71.14726
42.4315366 , -71.1472583
42.4315366 , -71.1472583
42.4315366 , -71.1472583
42.4315366 , -71.1472583
42.4315366 , -71.1472566
42.4315366 , -71.1472566
42.4315383 , -71.1472566
42.4315383 , -71.1472566
42.4315383 , -71.1472566
42.4315383 , -71.1472566
42.4315383 , -71.1472566
42.4315383 , -71.1472566
42.4315383 , -71.1472566
42.4315383 , -71.147255
42.4315383 , -71.147255
42.43154 , -71.147255
42.43154 , -71.147255
42.43154 , -71.147255
42.43154 , -71.147255
42.4315416 , -71.147255
42.4315416 , -71.147255
42.4315416 , -71.147255
42.4315416 , -71.147255
42.4315416 , -71.147255
42.4315416 , -71.147255
42.4315416 , -71.147255
42.4315416 , -71.147255
42.4315416 , -71.147255
42.4315433 , -71.147255
42.4315433 , -71.147255
42.4315433 , -71.1472566
42.4315416 , -71.1472566
42.4315416 , -71.1472566
42.4315416 , -71.1472566
42.4315416 , -71.1472566
42.4315416 , -71.1472566
42.4315416 , -71.1472566
42.43154 , -71.1472566
42.43154 , -71.1472566
42.43154 , -71.1472566
42.4315383 , -71.1472566
42.4315383 , -71.1472566
42.4315383 , -71.1472566
42.4315383 , -71.1472566
42.4315383 , -71.147255
42.43154 , -71.147255
42.43154 , -71.147255
42.43154 , -71.147255
42.4315416 , -71.147255
42.4315416 , -71.147255
42.4315416 , -71.147255
42.4315416 , -71.147255
42.4315416 , -71.147255
42.4315416 , -71.147255
42.4315416 , -71.147255
42.4315433 , -71.147255
42.4315433 , -71.1472533
42.4315433 , -71.1472533
42.4315433 , -71.1472533
42.4315433 , -71.1472533
42.4315433 , -71.1472533
42.4315433 , -71.1472533
42.4315433 , -71.1472533
42.4315416 , -71.1472533
42.4315416 , -71.1472533
42.4315416 , -71.1472533
42.4315416 , -71.1472533
42.4315433 , -71.1472533
42.4315433 , -71.1472533
42.4315433 , -71.1472533
42.4315433 , -71.1472533
42.4315433 , -71.1472533
42.4315433 , -71.1472533
42.431545 , -71.1472516
42.431545 , -71.1472516
42.4317233 , -71.1474433
42.4317216 , -71.1474383
42.43172 , -71.147435
42.4317183 , -71.1474316
42.431715 , -71.1474266
42.4317116 , -71.147425
42.4317066 , -71.1474266
42.4317 , -71.1474283
42.4316933 , -71.1474316
42.4316883 , -71.147435
42.4316816 , -71.1474416
42.4316766 , -71.1474483
42.43167 , -71.1474566
42.4316683 , -71.147465
42.43167 , -71.1474666
42.4316733 , -71.1474666
42.4316783 , -71.147465
42.4316833 , -71.1474616
42.4316866 , -71.14746
42.4316883 , -71.14746
42.4316883 , -71.1474616
42.43169 , -71.147465
42.4316883 , -71.147465
42.43169 , -71.1474666
42.4316933 , -71.1474683
42.4316983 , -71.1474716
42.4317016 , -71.1474716
42.431705 , -71.14747
42.4317116 , -71.1474716
42.4317166 , -71.1474716
42.4317166 , -71.1474733
42.4317183 , -71.1474766
42.4317216 , -71.14748
42.431725 , -71.1474833
42.4317283 , -71.1474866
42.43173 , -71.1474866
42.4317316 , -71.1474916
42.431735 , -71.147495
42.43174 , -71.1474983
42.431745 , -71.1475
42.43175 , -71.1475
42.4317516 , -71.147505
42.4317516 , -71.14751
42.431755 , -71.1475133
42.431755 , -71.147515
42.4317583 , -71.1475233
42.4317633 , -71.147525
42.4317683 , -71.147525
42.4317716 , -71.1475283
42.4317733 , -71.1475333
42.431775 , -71.1475433
42.4317783 , -71.1475483
42.4317816 , -71.1475533
42.43179 , -71.1475533
42.4317933 , -71.1475583
42.431795 , -71.1475666
42.4318033 , -71.147575
42.4318083 , -71.147585
42.4318133 , -71.1475966
42.4318216 , -71.1476066
42.4318283 , -71.14762
42.431835 , -71.147635
42.43184 , -71.1476466
42.4318466 , -71.14766
42.4318516 , -71.1476733
42.4318566 , -71.1476866
42.43186 , -71.1477
42.4318633 , -71.1477083
42.43187 , -71.147715
42.4318733 , -71.1477233
42.431875 , -71.1477333
42.4318783 , -71.1477433
42.4318783 , -71.147755
42.4318783 , -71.1477683
42.43188 , -71.1477783
42.43188 , -71.1477883
42.43188 , -71.1477966
42.43188 , -71.147805
42.43188 , -71.147815
42.43188 , -71.1478233
42.43188 , -71.14783
42.4318816 , -71.14784
42.4318766 , -71.1478466
42.4318716 , -71.147855
42.431865 , -71.1478616
42.4318566 , -71.147865
42.4318516 , -71.1478666
42.4318466 , -71.1478683
42.4318416 , -71.1478616
42.4318366 , -71.14786
42.4318333 , -71.14786
42.4318316 , -71.1478583
42.431825 , -71.1478583
42.4318133 , -71.1478583
42.4318 , -71.1478583
42.43179 , -71.14786
42.4317766 , -71.1478616
42.431765 , -71.1478633
42.4317533 , -71.1478666
42.4317416 , -71.147875
42.43173 , -71.1478816
42.4317216 , -71.1478866
42.4317133 , -71.14789
42.431705 , -71.1478916
42.4317 , -71.1478833
42.4317 , -71.1478683
42.431705 , -71.1478566
42.4317083 , -71.1478466
42.4317116 , -71.1478383
42.431715 , -71.1478283
42.4317166 , -71.14782
42.4317216 , -71.1478166
42.43172 , -71.1478133
42.4317183 , -71.1478083
42.43172 , -71.1478033
42.43172 , -71.1478
42.4317183 , -71.147795
42.43172 , -71.1477916
42.4317183 , -71.14779
42.43172 , -71.147785
42.43172 , -71.14778
42.4317183 , -71.1477766
42.4317166 , -71.147775
42.4317133 , -71.1477733
42.4317133 , -71.1477733
42.4317133 , -71.147775
42.4317133 , -71.1477716
42.4317133 , -71.14777
42.4317133 , -71.1477666
42.4317133 , -71.1477633
42.4317166 , -71.1477533
42.4317183 , -71.1477433
42.4317233 , -71.147735
42.4317266 , -71.1477266
42.43173 , -71.147715
42.4317333 , -71.147705
42.4317366 , -71.147695
42.43174 , -71.1476866
42.4317416 , -71.14768
42.4317433 , -71.1476733
42.4317466 , -71.147665
42.4317466 , -71.1476566
42.4317483 , -71.1476466
42.4317483 , -71.14764
42.4317466 , -71.147635
42.4317483 , -71.1476283
42.4317483 , -71.14762
42.4317466 , -71.1476116
42.4317433 , -71.1476033
42.4317383 , -71.1475933
42.4317383 , -71.1475883
42.4317366 , -71.1475833
42.431735 , -71.1475716
42.4317316 , -71.1475616
42.4317316 , -71.1475533
42.4317283 , -71.1475466
42.4317266 , -71.14754
42.431725 , -71.147535
42.4317266 , -71.14753
42.4317216 , -71.1475283
42.43172 , -71.1475283
42.431715 , -71.14753
42.4317133 , -71.1475283
42.4317133 , -71.1475266
42.4317133 , -71.147525
42.43171 , -71.1475183
42.4317066 , -71.1475133
42.4317 , -71.1475083
42.4316966 , -71.1475066
42.4316916 , -71.147505
42.43169 , -71.147505
42.4316916 , -71.1475016
42.4316933 , -71.1474983
42.4316933 , -71.1474966
42.4316916 , -71.1474933
42.4316883 , -71.1474933
42.4316833 , -71.1474933
42.43168 , -71.147495
42.4316766 , -71.1474933
42.431675 , -71.1474916
42.4316733 , -71.1474916
42.4316716 , -71.1474916
42.4316683 , -71.147485
42.431665 , -71.1474766
42.4316616 , -71.14747
42.4316616 , -71.1474666
42.4316633 , -71.1474633
42.431665 , -71.14746
42.4316633 , -71.147455
42.4316583 , -71.1474516
42.4316633 , -71.1474483
42.43166 , -71.1474433
42.4316583 , -71.1474416
42.431665 , -71.147435
42.43167 , -71.1474316
42.4316733 , -71.1474266
42.4316733 , -71.1474283
42.4316766 , -71.14743
42.431685 , -71.1474283
42.4316866 , -71.1474283
42.431685 , -71.1474266
42.4316883 , -71.1474233
42.4316866 , -71.1474233
42.4316883 , -71.1474216
42.4316883 , -71.1474233
42.4316883 , -71.147425
42.4316883 , -71.1474266
42.4316883 , -71.1474266
42.43169 , -71.1474283
42.4316916 , -71.1474283
42.4316933 , -71.14743
42.431695 , -71.1474333
42.4317016 , -71.14744
42.4317116 , -71.1474466
42.4317183 , -71.1474583
42.431725 , -71.1474683
42.431735 , -71.14748
42.431745 , -71.1474883
42.4317533 , -71.1474966
42.43176 , -71.147505
42.4317683 , -71.1475133
42.4317733 , -71.1475216
42.431775 , -71.1475316
42.4317783 , -71.1475416
42.43178 , -71.1475533
42.4317816 , -71.14756
42.4317833 , -71.147565
42.4317833 , -71.1475733
42.431785 , -71.1475816
42.4317883 , -71.1475866
42.43179 , -71.1475916
42.4317916 , -71.147595
42.4317966 , -71.1475933
42.4318 , -71.1475966
42.4318 , -71.1476
42.4318 , -71.147605
42.431795 , -71.1476133
42.4317916 , -71.1476183
42.4317833 , -71.1476233
42.43178 , -71.1476266
42.4317716 , -71.147635
42.4317683 , -71.1476383
42.4317683 , -71.1476333
42.4317666 , -71.147625
42.4317616 , -71.1476183
42.4317566 , -71.1476133
42.4317533 , -71.1476116
42.4317466 , -71.1476083
42.4317416 , -71.1476033
42.4317366 , -71.1476
42.4317316 , -71.1475983
42.431725 , -71.1475983
42.43172 , -71.1475983
42.4317166 , -71.1475983
42.4317116 , -71.1475966
42.43171 , -71.14759
42.43171 , -71.1475833
42.43171 , -71.14758
42.43171 , -71.1475733
42.431705 , -71.1475666
42.4317016 , -71.1475633
42.4317016 , -71.1475583
42.4316983 , -71.1475516
42.4316916 , -71.147545
42.431685 , -71.1475383
42.43168 , -71.1475316
42.431675 , -71.1475266
42.43167 , -71.14752
42.4316716 , -71.14751
42.4316733 , -71.1475016
42.4316733 , -71.1474966
42.4316716 , -71.14749
42.4316716 , -71.1474866
42.43167 , -71.14748
42.4316716 , -71.147475
42.4316716 , -71.14747
42.4316716 , -71.1474666
42.43167 , -71.1474633
42.4316716 , -71.14746
42.4316783 , -71.1474533
42.4316783 , -71.1474416
42.4316766 , -71.1474383
42.4316783 , -71.147435
42.4316766 , -71.1474283
42.4316783 , -71.147425
42.43168 , -71.147425
42.431685 , -71.1474183
42.4316866 , -71.1474116
42.4316883 , -71.147405
42.4316916 , -71.1473983
42.4316983 , -71.14739
42.4317066 , -71.1473783
42.4317133 , -71.1473666
42.4317183 , -71.1473583
42.4317266 , -71.1473483
42.4317383 , -71.1473366
42.43175 , -71.1473266
42.43176 , -71.1473183
42.43177 , -71.1473133
42.4317816 , -71.1473016
42.4317916 , -71.147295
42.4318016 , -71.14729
42.431815 , -71.1472883
42.4318283 , -71.147285
42.4318416 , -71.1472833
42.4318566 , -71.147275
42.431865 , -71.1472683
42.4318783 , -71.1472616
42.4318916 , -71.147255
42.4319016 , -71.1472566
42.4319083 , -71.1472616
42.4319133 , -71.14727
42.4319183 , -71.14728
42.4319166 , -71.14729
42.4319116 , -71.1473016
42.4319066 , -71.147315
42.4319 , -71.1473266
42.431895 , -71.1473366
42.4318866 , -71.1473466
42.4318783 , -71.1473583
42.4318733 , -71.1473683
42.43187 , -71.1473766
42.43187 , -71.14738
42.4318633 , -71.147385
42.4318566 , -71.147385
42.4318516 , -71.147385
42.4318466 , -71.1473866
42.4318433 , -71.1473883
42.431835 , -71.1473916
42.43183 , -71.1473933
42.4318266 , -71.1473933
42.4318233 , -71.147395
42.4318233 , -71.147395
42.43182 , -71.14739
42.4318183 , -71.1473866
42.4318133 , -71.14739
42.4318033 , -71.147395
42.4317933 , -71.1473983
42.4317883 , -71.1474016
42.43178 , -71.1474066
42.4317766 , -71.14741
42.4317716 , -71.14741
42.4317666 , -71.14741
42.43176 , -71.1474133
42.4317566 , -71.1474066
42.4317533 , -71.147405
42.4317516 , -71.1474066
42.4317483 , -71.147405
42.4317483 , -71.147405
42.431745 , -71.1474
42.4317466 , -71.1473966
42.4317416 , -71.1473916
42.4317383 , -71.147385
42.4317366 , -71.1473783
42.4317366 , -71.1473766
42.4317333 , -71.147375
42.4317316 , -71.147375
42.43173 , -71.147375
42.43173 , -71.14737
42.43173 , -71.1473616
42.4317316 , -71.147355
42.4317316 , -71.1473516
42.4317333 , -71.1473483
42.4317316 , -71.1473483
42.43173 , -71.1473516
42.43173 , -71.1473516
42.43173 , -71.1473533
42.4317316 , -71.1473533
42.4317316 , -71.147355
42.43173 , -71.1473583
42.4317283 , -71.1473616
42.431725 , -71.1473633
42.4317216 , -71.147365
42.43172 , -71.1473683
42.4317183 , -71.14737
42.4317183 , -71.1473716
42.4317183 , -71.1473733
42.43172 , -71.1473733
42.43172 , -71.1473733
42.43172 , -71.147375
42.43172 , -71.1473766
42.43172 , -71.1473766
42.43172 , -71.1473766
42.43172 , -71.1473766
42.4317216 , -71.1473766
42.4317216 , -71.1473783
42.4317216 , -71.14738
42.4317216 , -71.14738
42.4317216 , -71.1473816
42.4317233 , -71.1473816
42.4317233 , -71.1473833
42.4317233 , -71.1473833
42.4317233 , -71.147385
42.4317233 , -71.147385
42.4317233 , -71.1473866
42.431725 , -71.1473883
42.431725 , -71.1473883
42.4317266 , -71.14739
42.4317266 , -71.1473916
42.4317266 , -71.1473933
42.4317266 , -71.147395
42.4317266 , -71.1473966
42.4317266 , -71.1473983
42.4317266 , -71.1474
42.4317266 , -71.1474016
42.4317266 , -71.1474033
42.4317266 , -71.147405
42.4317266 , -71.1474066
42.4317266 , -71.1474083
42.4317266 , -71.1474116
42.431725 , -71.1474133
42.431725 , -71.147415
42.431725 , -71.1474166
42.4317233 , -71.14742
42.4317233 , -71.1474216
42.4317216 , -71.147425
42.4317216 , -71.1474266
42.43172 , -71.14743
42.4317183 , -71.1474333
42.43171 , -71.1474416
42.4316983 , -71.1474533
42.4316866 , -71.147475
42.4316833 , -71.1474983
42.4316816 , -71.1475116
42.43168 , -71.1475183
42.4316816 , -71.1475266
42.4316883 , -71.147535
42.4316916 , -71.147545
42.4316966 , -71.1475483
42.4317 , -71.147545
42.4317016 , -71.1475416
42.4316983 , -71.1475383
42.4316983 , -71.1475366
42.431695 , -71.147535
42.431695 , -71.1475266
42.431695 , -71.14752
42.4316966 , -71.147515
42.4316966 , -71.1475066
42.4316966 , -71.1475
42.431695 , -71.147495
42.431695 , -71.1474883
42.4316933 , -71.14748
42.4316916 , -71.1474716
42.4316866 , -71.1474633
42.4316833 , -71.147455
42.43168 , -71.1474466
42.4316816 , -71.1474333
42.431675 , -71.1474233
42.43167 , -71.1474133
42.4316666 , -71.1474033
42.431665 , -71.147395
42.4316633 , -71.1473833
42.4316633 , -71.1473733
42.43166 , -71.147365
42.4316616 , -71.1473583
42.4316583 , -71.1473516
42.4316583 , -71.147345
42.431655 , -71.14734
42.4316483 , -71.1473366
42.431645 , -71.1473333
42.4316416 , -71.14733
42.43164 , -71.147325
42.4316383 , -71.14732
42.4316383 , -71.1473166
42.431635 , -71.147315
42.431635 , -71.147315
42.43164 , -71.147315
42.43164 , -71.147315
42.4316383 , -71.1473133
42.4316383 , -71.14731
42.43164 , -71.1473083
42.4316433 , -71.1473083
42.4316466 , -71.1473066
42.4316516 , -71.147305
42.4316533 , -71.147305
42.431655 , -71.1473033
42.4316566 , -71.1473033
42.4316583 , -71.1473033
42.43166 , -71.1473033
42.43166 , -71.147305
42.4316616 , -71.147305
42.4316633 , -71.1473066
42.4316633 , -71.1473066
42.431665 , -71.1473066
42.4316666 , -71.1473083
42.4316683 , -71.1473083
42.4316683 , -71.1473083
42.4316716 , -71.1473083
42.4316716 , -71.1473083
42.4316733 , -71.1473083
42.4316733 , -71.1473083
42.431675 , -71.14731
42.4316766 , -71.14731
42.4316783 , -71.14731
42.43168 , -71.1473116
42.43168 , -71.1473116
42.4316816 , -71.1473133
42.4316816 , -71.1473133
42.4316833 , -71.147315
42.4316833 , -71.147315
42.431685 , -71.147315
42.431685 , -71.1473166
42.431685 , -71.1473166
42.4316866 , -71.1473183
42.4316866 , -71.1473183
42.4316866 , -71.14732
42.4316883 , -71.14732
42.4316883 , -71.1473216
42.43169 , -71.1473216
42.43169 , -71.1473233
42.43169 , -71.1473233
42.4316916 , -71.147325
42.4316916 , -71.1473266
42.4316933 , -71.1473283
42.4316933 , -71.1473283
42.431695 , -71.14733
42.431695 , -71.1473316
42.4316966 , -71.1473333
42.4316966 , -71.147335
42.4316983 , -71.1473366
42.4317 , -71.1473383
42.4317016 , -71.1473433
42.4317083 , -71.1473566
42.431715 , -71.1473716
42.4317233 , -71.1473883
42.431735 , -71.1474083
42.4317466 , -71.1474216
42.4317583 , -71.1474366
42.4317683 , -71.1474516
42.431775 , -71.147465
42.4317816 , -71.14748
42.4317883 , -71.1474933
42.4317933 , -71.1475016
42.4317983 , -71.1475116
42.4318033 , -71.14752
42.4318083 , -71.1475283
42.4318133 , -71.147535
42.4318183 , -71.1475416
42.43182 , -71.14755
42.43182 , -71.14756
42.4318166 , -71.1475683
42.4318133 , -71.1475766
42.4318066 , -71.1475783
42.4317983 , -71.1475816
42.4317933 , -71.147585
42.4317866 , -71.1475816
42.4317833 , -71.1475783
42.4317833 , -71.1475766
42.4317766 , -71.147575
42.43177 , -71.1475733
42.4317683 , -71.1475683
42.4317666 , -71.147565
42.43176 , -71.1475583
42.4317566 , -71.1475516
42.4317533 , -71.1475483
42.4317483 , -71.1475433
42.431745 , -71.1475383
42.43174 , -71.1475333
42.431735 , -71.1475266
42.4317316 , -71.14752
42.4317316 , -71.14751
42.4317266 , -71.147505
42.4317266 , -71.1474983
42.4317266 , -71.1474916
42.43172 , -71.1474866
42.431715 , -71.147485
42.43171 , -71.1474816
42.431705 , -71.1474783
42.4317 , -71.147475
42.4316966 , -71.1474716
42.4316916 , -71.1474666
42.43169 , -71.14746
42.4316883 , -71.1474583
42.431685 , -71.1474566
42.431685 , -71.1474516
42.4316833 , -71.1474533
42.43168 , -71.1474566
42.431675 , -71.1474583
42.4316733 , -71.1474566
42.4316733 , -71.1474566
42.4316766 , -71.1474533
42.4316783 , -71.1474483
42.43168 , -71.147445
42.4316816 , -71.1474383
42.431685 , -71.147435
42.4316866 , -71.1474333
42.4316866 , -71.1474316
42.431685 , -71.1474316
42.431685 , -71.14743
42.4316866 , -71.1474283
42.4316866 , -71.1474283
42.4316866 , -71.147425
42.431685 , -71.147425
42.431685 , -71.1474233
42.431685 , -71.1474233
42.4316833 , -71.1474216
42.4316833 , -71.1474183
42.4316833 , -71.1474166
42.4316833 , -71.1474133
42.4316816 , -71.14741
42.4316816 , -71.1474083
42.4316816 , -71.1474033
42.4316816 , -71.1474016
42.4316816 , -71.1474
42.43168 , -71.1473983
42.43168 , -71.1473966
42.4316783 , -71.147395
42.4316783 , -71.1473933
42.4316783 , -71.1473916
42.4316783 , -71.1473866
42.4316783 , -71.147385
42.4316766 , -71.147385
42.4316766 , -71.147385
42.431675 , -71.1473833
42.4316733 , -71.1473833
42.4316733 , -71.1473816
42.4316716 , -71.14738
42.4316716 , -71.1473766
42.43167 , -71.147375
42.4316683 , -71.1473733
42.4316666 , -71.1473733
42.4316666 , -71.1473716
42.431665 , -71.1473716
42.431665 , -71.14737
42.4316633 , -71.14737
42.4316633 , -71.1473683
42.4316616 , -71.1473683
42.4316616 , -71.1473683
42.4316616 , -71.1473666
42.43166 , -71.147365
42.4316583 , -71.147365
42.4316566 , -71.147365
42.4316533 , -71.1473633
42.4316533 , -71.1473633
42.4316516 , -71.1473633
42.43165 , -71.1473633
42.43165 , -71.1473633
42.4316483 , -71.1473633
42.4316483 , -71.1473633
42.4316483 , -71.1473616
42.4316466 , -71.1473616
42.4316466 , -71.1473616
42.431645 , -71.1473616
42.43164 , -71.147355
42.4316316 , -71.1473466
42.43162 , -71.1473383
42.43161 , -71.1473316
42.4316016 , -71.1473216
42.4315916 , -71.1473133
42.4315766 , -71.1473083
42.431575 , -71.147305
42.43157 , -71.1473016
42.4315666 , -71.1472983
42.431565 , -71.1472916
42.4315666 , -71.1472916
42.4315633 , -71.14729
42.4315583 , -71.1472883
42.4315566 , -71.1472833
42.431555 , -71.14728
42.431555 , -71.147275
42.4315533 , -71.1472716
42.43155 , -71.14727
42.43155 , -71.14727
42.4315483 , -71.1472716
42.4315483 , -71.14727
42.4315483 , -71.14727
42.4315466 , -71.1472683
42.431545 , -71.1472683
42.431545 , -71.1472683
42.431545 , -71.1472683
42.4315433 , -71.14727
42.4315416 , -71.14727
42.4315383 , -71.1472683
42.4315383 , -71.1472683
42.4315383 , -71.1472666
42.4315366 , -71.1472666
42.4315366 , -71.1472666
42.4315366 , -71.1472683
42.431535 , -71.1472683
42.431535 , -71.1472683
42.431535 , -71.1472683
42.431535 , -71.1472683
42.431535 , -71.1472683
42.431535 , -71.1472666
42.4315333 , -71.1472666
42.4315333 , -71.147265
42.4315333 , -71.147265
42.4315316 , -71.1472633
42.4315316 , -71.1472633
42.4315316 , -71.1472633
42.4315316 , -71.1472633
42.4315316 , -71.1472633
42.4315316 , -71.1472633
42.4315316 , -71.1472633
42.4315316 , -71.1472633
42.4315316 , -71.1472616
42.4315333 , -71.1472616
42.4315333 , -71.1472616
42.4315333 , -71.1472616
42.4315333 , -71.1472616
42.4315333 , -71.1472633
42.4315333 , -71.1472633
42.4315333 , -71.1472633
42.4315333 , -71.147265
42.4315333 , -71.147265
42.4315333 , -71.1472666
42.4315333 , -71.1472683
42.4315316 , -71.1472683
42.4315316 , -71.1472683
42.4315316 , -71.1472683
42.4315333 , -71.1472683
42.4315333 , -71.1472683
42.4315333 , -71.1472683
42.4315333 , -71.1472666
42.4315333 , -71.1472666
42.4315333 , -71.1472666
42.431535 , -71.1472666
42.431535 , -71.1472666
42.431535 , -71.1472666
42.431535 , -71.1472666
42.431535 , -71.1472666
42.431535 , -71.1472666
42.431535 , -71.1472683
42.4315366 , -71.1472683
42.4315366 , -71.1472683
42.4315366 , -71.14727
42.4315366 , -71.14727
42.4315366 , -71.14727
42.4315366 , -71.14727
42.4315366 , -71.14727
42.431535 , -71.1472683
42.431535 , -71.1472683
42.431535 , -71.1472683
42.431535 , -71.1472683
42.431535 , -71.1472683
42.431535 , -71.1472683
42.431535 , -71.1472683
42.431535 , -71.1472683
42.431535 , -71.1472683
42.431535 , -71.1472683
42.431535 , -71.1472683
42.431535 , -71.1472683
42.431535 , -71.1472666
42.4315316 , -71.1472633
42.431525 , -71.1472566
42.4315166 , -71.1472466
42.4315166 , -71.14724
42.4315083 , -71.1472383
42.4315016 , -71.1472383
42.4314983 , -71.147245
42.4315066 , -71.1472466
42.4315083 , -71.147255
42.43151 , -71.147265
42.4315016 , -71.1472783
42.4314916 , -71.1472933
42.4314833 , -71.1473116
42.4314866 , -71.1473233
42.4314866 , -71.1473283
42.4314766 , -71.1473266
42.431445 , -71.14732
42.4313983 , -71.147305
42.4313866 , -71.1473083
42.431375 , -71.14731
42.4313666 , -71.1473216
42.43136 , -71.1473216
42.4313566 , -71.1473266
42.431355 , -71.147325
42.4313466 , -71.147335
42.4313433 , -71.1473433
42.431345 , -71.1473333
42.4313416 , -71.14734
42.4313366 , -71.14734
42.431335 , -71.1473366
42.4313366 , -71.14732
42.4313383 , -71.1472983
42.4313316 , -71.1472883
42.4313283 , -71.147295
42.4313283 , -71.1472966
42.4313433 , -71.1472733
42.431335 , -71.14727
42.4313233 , -71.147265
42.431325 , -71.1472566
42.43132 , -71.14725
42.4313066 , -71.1472533
42.4312933 , -71.1472516
42.4312816 , -71.1472483
42.43128 , -71.1472483
42.4312816 , -71.1472533
42.431275 , -71.147255
42.4312683 , -71.1472433
42.4312733 , -71.147235
42.4312783 , -71.147225
42.4312833 , -71.1472183
42.431285 , -71.1472133
42.43129 , -71.1472066
42.4312933 , -71.1472
42.4312883 , -71.147195
42.431285 , -71.147195
42.4312833 , -71.1471933
42.4312866 , -71.1471916
42.43129 , -71.1471866
42.4312883 , -71.147185
42.4312883 , -71.1471833
42.4312916 , -71.14718
42.43129 , -71.14718
42.43129 , -71.1471766
42.4312916 , -71.1471733
42.4312933 , -71.1471716
42.4312933 , -71.1471683
42.4312933 , -71.1471683
42.4312916 , -71.1471683
42.4312916 , -71.1471683
42.43129 , -71.1471666
42.4312883 , -71.1471666
42.4312883 , -71.147165
42.4312866 , -71.147165
42.4312866 , -71.1471633
42.431285 , -71.1471633
42.431285 , -71.1471633
42.431285 , -71.1471633
42.431285 , -71.1471633
42.431285 , -71.1471616
42.431285 , -71.14716
42.431285 , -71.1471583
42.431285 , -71.1471583
42.431285 , -71.1471566
42.431285 , -71.147155
42.4312866 , -71.1471533
42.4312866 , -71.1471516
42.4312883 , -71.1471516
42.4312883 , -71.14715
42.43129 , -71.14715
42.43129 , -71.1471483
42.4312916 , -71.1471483
42.4312916 , -71.1471483
42.4312916 , -71.1471466
42.4312916 , -71.147145
42.4312916 , -71.1471416
42.43129 , -71.14714
42.4312866 , -71.1471366
42.4312816 , -71.1471283
42.431275 , -71.1471216
42.431275 , -71.1471183
42.431275 , -71.1471166
42.4312733 , -71.1471166
42.4312716 , -71.147115
42.4312716 , -71.1471116
42.43127 , -71.1471083
42.4312683 , -71.1471066
42.4312683 , -71.1471066
42.4312683 , -71.147105
42.4312683 , -71.147105
42.4312666 , -71.147105
42.431265 , -71.1471066
42.431265 , -71.147105
42.4312633 , -71.1471066
42.4312633 , -71.147105
42.431265 , -71.147105
42.431265 , -71.1471066
42.4312633 , -71.1471066
42.4312633 , -71.1471066
42.431265 , -71.1471066
42.431265 , -71.1471066
42.431265 , -71.1471066
42.431265 , -71.1471066
42.431265 , -71.1471066
42.431265 , -71.1471066
42.4312683 , -71.14711
42.4312716 , -71.1471133
42.431275 , -71.1471183
42.4312766 , -71.14712
42.4312783 , -71.14712
42.43128 , -71.1471233
42.4312816 , -71.147125
42.4312833 , -71.1471266
42.431285 , -71.1471283
42.4312866 , -71.14713
42.4312866 , -71.1471316
42.4312883 , -71.1471333
42.43129 , -71.1471333
42.4312916 , -71.147135
42.4312916 , -71.1471366
42.431295 , -71.14714
42.4312966 , -71.1471416
42.4313 , -71.1471433
42.4313016 , -71.147145
42.4313033 , -71.1471483
42.431305 , -71.14715
42.431305 , -71.1471516
42.4313083 , -71.1471533
42.43131 , -71.1471566
42.4313133 , -71.14716
42.431315 , -71.1471616
42.4313166 , -71.1471633
42.4313183 , -71.1471666
42.43132 , -71.1471683
42.4313216 , -71.14717
42.4313233 , -71.1471733
42.431325 , -71.147175
42.431325 , -71.1471766
42.4313266 , -71.1471783
42.4313283 , -71.14718
42.4313283 , -71.14718
42.43133 , -71.14718
42.43133 , -71.14718
42.43133 , -71.1471816
42.4313316 , -71.1471816
42.4313316 , -71.1471816
42.4313316 , -71.1471816
42.4313316 , -71.1471816
42.4313316 , -71.1471816
42.4313316 , -71.1471816
42.4313316 , -71.1471816
42.4313316 , -71.1471816
42.4313316 , -71.1471833
42.4313316 , -71.1471833
42.4313333 , -71.1471833
42.4313333 , -71.1471833
42.4313333 , -71.147185
42.431335 , -71.1471866
42.431335 , -71.1471866
42.431335 , -71.1471883
42.431335 , -71.1471883
42.4313366 , -71.1471883
42.4313366 , -71.14719
42.4313366 , -71.14719
42.4313366 , -71.14719
42.4313366 , -71.14719
42.4313366 , -71.1471916
42.4313383 , -71.1471916
42.4313383 , -71.1471933
42.4313383 , -71.1471933
42.43134 , -71.147195
42.43134 , -71.147195
42.4313416 , -71.1471966
42.4313416 , -71.1471983
42.4313416 , -71.1471983
42.4313433 , -71.1472
42.4313433 , -71.1472
42.431345 , -71.1472016
42.431345 , -71.1472016
42.431345 , -71.1472016
42.431345 , -71.1472033
42.431345 , -71.1472033
42.431345 , -71.1472033
42.431345 , -71.1472033
42.431345 , -71.1472033
42.431345 , -71.147205
42.431345 , -71.147205
42.4313466 , -71.147205
42.4313466 , -71.147205
42.4313466 , -71.1472066
42.4313483 , -71.1472066
42.4313483 , -71.1472083
42.4313483 , -71.1472083
42.4313483 , -71.14721
42.4313483 , -71.14721
42.4313483 , -71.1472116
42.4313483 , -71.1472116
42.43135 , -71.1472116
42.4313483 , -71.1472116
42.4313483 , -71.1472116
42.4313483 , -71.1472133
42.4313483 , -71.1472133
42.4313483 , -71.1472133
